#MiniLight

24

100 100

(0.278 0.275 -0.789) (0 0 1) 50


(0.0906 0.0943 0.1151) (0.1 0.09 0.07)

#bottom
BottomA (0.556 0.000 0.000) (0.000 0.000 0.559) (0.556 0.000 0.559)  (0.7 0.7 0.7) (0 0 0)
BottomB (0.000 0.000 0.559) (0.556 0.000 0.000) (0.000 0.000 0.000)  (0.7 0.7 0.7) (0 0 0)

#top
TopA (0.556 0.549 0.559) (0.000 0.549 0.000) (0.556 0.549 0.000)  (0.7 0.7 0.7) (0 0 0)
TopB (0.000 0.549 0.000) (0.556 0.549 0.559) (0.000 0.549 0.559)  (0.7 0.7 0.7) (0 0 0)

#back
BackA (0.556 0.000 0.559) (0.000 0.549 0.559) (0.556 0.549 0.559)  (0.7 0.7 0.7) (0 0 0)
BackB (0.000 0.549 0.559) (0.556 0.000 0.559) (0.000 0.000 0.559)  (0.7 0.7 0.7) (0 0 0)

#right
RightA (0.000 0.000 0.559) (0.000 0.549 0.000) (0.000 0.549 0.559)  (0.7 0.2 0.2) (0 0 0)
RightB (0.000 0.549 0.000) (0.000 0.000 0.559) (0.000 0.000 0.000)  (0.7 0.2 0.2) (0 0 0)

#left
LeftA (0.556 0.000 0.000) (0.556 0.549 0.559) (0.556 0.549 0.000)  (0.2 0.7 0.2) (0 0 0)
LeftB (0.556 0.549 0.559) (0.556 0.000 0.000) (0.556 0.000 0.559)  (0.2 0.7 0.2) (0 0 0)

#light
LightA (0.343 0.545 0.332) (0.213 0.545 0.227) (0.343 0.545 0.227)  (0.7 0.7 0.7) (20000 20000 20000)
LightB (0.213 0.545 0.227) (0.343 0.545 0.332) (0.213 0.545 0.332)  (0.7 0.7 0.7) (20000 20000 20000)

#small
SmallA (0.474 0.165 0.225) (0.426 0.165 0.065) (0.316 0.165 0.272)  (0.7 0.7 0.7) (0 0 0)
SmallB (0.266 0.165 0.114) (0.316 0.165 0.272) (0.426 0.165 0.065)  (0.7 0.7 0.7) (0 0 0)

SmallC (0.266 0.000 0.114) (0.266 0.165 0.114) (0.316 0.165 0.272)  (0.7 0.7 0.7) (0 0 0)
SmallD (0.316 0.000 0.272) (0.266 0.000 0.114) (0.316 0.165 0.272)  (0.7 0.7 0.7) (0 0 0)

SmallE (0.316 0.000 0.272) (0.316 0.165 0.272) (0.474 0.165 0.225)  (0.7 0.7 0.7) (0 0 0)
SmallF (0.474 0.165 0.225) (0.316 0.000 0.272) (0.474 0.000 0.225)  (0.7 0.7 0.7) (0 0 0)

SmallG (0.474 0.000 0.225) (0.474 0.165 0.225) (0.426 0.165 0.065)  (0.7 0.7 0.7) (0 0 0)
SmallH (0.426 0.165 0.065) (0.426 0.000 0.065) (0.474 0.000 0.225)  (0.7 0.7 0.7) (0 0 0)

SmallI (0.426 0.000 0.065) (0.426 0.165 0.065) (0.266 0.165 0.114)  (0.7 0.7 0.7) (0 0 0)
SmallJ (0.266 0.165 0.114) (0.266 0.000 0.114) (0.426 0.000 0.065)  (0.7 0.7 0.7) (0 0 0)

#big
BigA (0.133 0.330 0.247) (0.291 0.330 0.296) (0.242 0.330 0.456)  (0.7 0.7 0.7) (0 0 0)
BigB (0.242 0.330 0.456) (0.084 0.330 0.406) (0.133 0.330 0.247)  (0.7 0.7 0.7) (0 0 0)

BigC (0.133 0.000 0.247) (0.133 0.330 0.247) (0.084 0.330 0.406)  (0.7 0.7 0.7) (0 0 0)
BigD (0.084 0.330 0.406) (0.084 0.000 0.406) (0.133 0.000 0.247)  (0.7 0.7 0.7) (0 0 0)

BigE (0.084 0.000 0.406) (0.084 0.330 0.406) (0.242 0.330 0.456)  (0.7 0.7 0.7) (0 0 0)
BigF (0.242 0.330 0.456) (0.242 0.000 0.456) (0.084 0.000 0.406)  (0.7 0.7 0.7) (0 0 0)

BigG (0.242 0.000 0.456) (0.242 0.330 0.456) (0.291 0.330 0.296)  (0.7 0.7 0.7) (0 0 0)
BigH (0.291 0.330 0.296) (0.291 0.000 0.296) (0.242 0.000 0.456)  (0.7 0.7 0.7) (0 0 0)

BigI (0.291 0.000 0.296) (0.291 0.330 0.296) (0.133 0.330 0.247)  (0.7 0.7 0.7) (0 0 0)
BigJ (0.133 0.330 0.247) (0.133 0.000 0.247) (0.291 0.000 0.296)  (0.7 0.7 0.7) (0 0 0)
